WY    median pred/obs vol  share>1  median obs mean (m3/s, per-gauge relative to its 1982-2010 mean)
1982  0.9766               0.394    1.021
1983  0.9719               0.368    1.204
1984  0.9665               0.355    1.226
1985  0.9890               0.436    0.808
1986  0.9783               0.398    1.034
1987  0.9916               0.458    0.891
1988  1.0171               0.522    0.655
1989  1.0473               0.619    0.871
1990  1.0241               0.561    0.939
1991  1.0188               0.553    0.983
1992  1.0524               0.627    0.767
1993  1.0144               0.545    1.183
1994  1.0171               0.548    0.920
1995  1.0203               0.556    0.994
1996  0.9951               0.485    1.243
1997  1.0003               0.501    1.189
1998  1.0215               0.560    1.149
1999  1.0084               0.523    0.856
2000  1.0730               0.641    0.737
2001  1.0875               0.655    0.714
2002  1.1034               0.679    0.686
2003  1.0878               0.682    0.932
2004  1.0568               0.615    0.939
2005  1.0284               0.573    1.020
2006  1.0591               0.624    0.865
2007  1.0473               0.615    0.923
2008  1.0726               0.652    0.998
2009  1.0777               0.657    0.909
2010  1.0511               0.626    1.024
