   staid        T0    a    b  ddrs_vs_muskingum  ddrs_vs_storage  offline_vs_storage  offline_vs_muskingum  ddrs_vs_offline  mass_ddrs  mass_storage
05014500    0.4915  0.0  0.5             0.9897           0.9898              0.9991                0.9991           0.9928     1.0051        1.0000
04034500    0.0500 -0.5  1.0             0.9977           0.9977              1.0000                1.0000           0.9981     1.0000        1.0000
04063500    0.0500  0.5  2.0             0.9713           0.9718              1.0000                1.0000           0.9720     0.9993        1.0000
04062500    2.2553 -1.5  2.0             0.8815           0.9989              0.9998                0.8833           0.9988     0.9986        0.9987
04292500    0.0500 -0.5  0.0             0.9952           0.9952              1.0000                1.0000           0.9955     1.0007        1.0000
04266500    0.0500  2.0 -2.0             0.9996           0.9997              1.0000                0.9997           0.9998     1.0001        1.0000
04289000    0.3813  1.0  1.5             0.9957           0.9972              0.9990                0.9978           0.9980     1.0005        1.0000
04285500    0.0500  1.5  0.0             0.9952           0.9952              0.9999                0.9999           0.9957     1.0024        1.0000
04232482    0.1780  2.0 -2.0             0.9906           0.9922              0.9995                0.9974           0.9932     1.0013        1.0000
04170000    0.6336  0.5  0.5             0.9967           0.9970              0.9990                0.9987           0.9980     1.0002        1.0000
04239000    0.0831  2.0 -0.5             0.9911           0.9910              0.9989                0.9988           0.9928     1.0016        1.0000
04240180    3.7478 -0.5  1.0             0.9921           0.9996              0.9984                0.9915           0.9988     0.9999        0.9997
01053500    1.7496  0.0  2.0             0.9424           0.9992              0.9981                0.9419           0.9975     1.0000        0.9999
01022500    0.1381 -0.5  0.0             0.9968           0.9968              0.9999                0.9999           0.9972     1.0006        1.0000
01019000    2.9073  0.0  2.0             0.8631           0.9992              0.9993                0.8645           0.9990     0.9999        0.9999
01100000    0.0500  2.0 -1.0             0.9977           0.9977              0.9994                0.9994           0.9980     1.0004        1.0000
01327750    2.2553 -0.5 -0.5             0.9539           0.9612              0.9953                0.9939           0.9648     0.9994        0.9999
01325000   36.8403 -0.5 -0.5            -0.1187           1.0000              0.9997               -0.1173           0.9996     0.9984        0.9983
01315000    2.2553 -1.0 -2.0             0.8579           0.9978              0.9997                0.8625           0.9982     0.9999        0.9997
01336000    0.0500  0.0  2.0             0.9787           0.9787              0.9997                0.9997           0.9811     1.0025        1.0000
01205500    0.0500 -1.0  0.0             0.9998           0.9999              1.0000                1.0000           0.9998     1.0000        1.0000
01547500    2.9073  1.0  0.0             0.9942           0.9993              0.9908                0.9853           0.9931     1.0005        1.0000
01425000    2.2553 -1.0  1.0             0.9961           0.9988              0.9957                0.9934           0.9949     1.0014        1.0000
01375000    0.0500  1.5 -1.5             0.9987           0.9987              0.9995                0.9994           0.9988     1.0003        1.0000
01417000   36.8403  0.0 -0.5             0.8103           0.9992              0.9986                0.8112           0.9981     1.0019        0.9984
01520000    0.8167  0.5  0.0             0.9960           0.9961              0.9892                0.9891           0.9919     1.0013        1.0000
01518000    1.0528  0.5  0.5             0.9970           0.9972              0.9873                0.9870           0.9896     1.0015        1.0000
01206900    0.8167  0.5 -0.5             0.9959           0.9960              0.9970                0.9968           0.9971     1.0021        1.0000
01186000    8.0284  0.0 -0.5             0.9837           0.9992              0.9974                0.9818           0.9984     1.0016        0.9999
01429500    0.0500  1.0  0.0             0.9917           0.9917              0.9999                0.9999           0.9924     1.0071        1.0000
01435000    0.0500 -1.5  0.0             0.9458           0.9458              0.9997                0.9997           0.9498     1.0104        1.0000
01172500    2.2553  0.5 -0.5             0.9987           0.9998              0.9974                0.9961           0.9977     1.0000        1.0000
01534300    1.0528  0.0  0.0             0.9965           0.9965              0.9965                0.9965           0.9973     1.0029        0.9999
01378500    0.0500 -2.0  0.5             0.9143           0.9143              0.9988                0.9987           0.9232     1.0287        1.0000
01381000    0.0500  1.5  1.0             0.9934           0.9934              0.9998                0.9998           0.9944     1.0019        1.0000
01563200    0.2958  1.0  1.0             0.9858           0.9859              0.9970                0.9969           0.9872     1.0039        1.0000
01541200    0.8167  0.5  0.5             0.9931           0.9933              0.9932                0.9930           0.9946     1.0021        1.0000
01470960    0.3813  0.0  0.5             0.9997           0.9997              0.9994                0.9994           0.9993     1.0000        1.0000
01449800    2.2553  0.0  0.0             0.9991           0.9991              0.9928                0.9928           0.9950     1.0006        0.9999
01574500    0.0500 -0.5 -1.5             0.9845           0.9845              0.9998                0.9998           0.9861     1.0021        1.0000
01396800    0.4915 -0.5  2.0             0.9833           0.9856              0.9959                0.9947           0.9829     1.0001        0.9999
01597500    0.6336  0.0  1.5             0.9935           0.9942              0.9950                0.9948           0.9920     1.0009        1.0000
01592500    1.3572 -0.5  1.5             0.9409           0.9501              0.9944                0.9912           0.9613     1.0458        1.0000
01591610    2.9073 -0.5  0.5             0.9937           0.9956              0.9900                0.9881           0.9939     1.0047        0.9994
02011800    1.7496  0.0  0.5             0.9991           0.9994              0.9885                0.9884           0.9860     1.0001        1.0000
02077303    0.2958 -0.5  0.0             0.9830           0.9831              0.9959                0.9959           0.9846     1.0268        0.9999
02041650    1.0528  0.0  0.0             0.9928           0.9928              0.9932                0.9932           0.9928     1.0031        1.0000
02072000    2.2553  0.0  0.0             0.9996           0.9996              0.9922                0.9922           0.9931     0.9998        0.9997
02082506    0.0645  2.0  1.0             0.9540           0.9541              0.9983                0.9983           0.9563     1.0200        1.0000
02085500    0.0500 -1.0 -1.0             0.8913           0.8915              0.9990                0.9991           0.9019     1.0887        1.0000
02094500    0.0500 -0.5  0.5             0.9296           0.9296              1.0000                1.0000           0.9312     1.0365        0.9999
02105769    1.7496  0.5  0.0             0.9962           0.9964              0.9926                0.9923           0.9911     1.0016        1.0000
02394000   13.3411  0.0 -0.5             0.9663           1.0000              0.9987                0.9651           0.9988     1.0002        1.0001
02334430   13.3411  0.0 -1.0             0.8061           0.9999              0.9992                0.8062           0.9992     0.9999        0.9998
02382500    4.8313  0.0  0.0             0.9999           0.9999              0.9979                0.9979           0.9982     1.0001        1.0001
02466030    0.6336  0.5  0.0             0.9970           0.9970              0.9949                0.9948           0.9919     1.0014        1.0000
02462500    0.0500 -1.0 -1.0             0.9997           0.9997              0.9999                0.9999           0.9998     1.0002        1.0000
02197000    6.2279 -0.5  0.0             0.9951           0.9998              0.9973                0.9928           0.9979     1.0004        1.0003
02343801    0.2958  1.0  1.0             0.9952           0.9950              0.9961                0.9960           0.9922     1.0006        1.0000
02294491    2.2553  0.0 -1.0             0.9981           0.9996              0.9975                0.9964           0.9979     1.0016        1.0014
05356000    0.4915  2.0 -1.0             0.9942           0.9987              0.9996                0.9948           0.9987     1.0001        1.0000
05360500    0.0500  0.5  1.0             0.9595           0.9596              1.0000                1.0000           0.9601     1.0033        1.0000
05398000    0.0500 -1.0 -0.5             0.9988           0.9988              1.0000                1.0000           0.9990     1.0001        0.9999
06038500    6.2279 -1.5 -1.0             0.4151           0.9999              0.9993                0.4155           0.9990     1.0007        1.0008
05391000    0.8167 -0.5  2.0             0.9795           0.9946              0.9995                0.9835           0.9956     0.9997        0.9993
05369000    0.0500  1.5 -1.5             0.9998           0.9998              0.9998                0.9997           0.9995     1.0000        1.0000
05292000    4.8313 -0.5  0.5             0.9990           0.9996              0.9974                0.9973           0.9981     0.9989        0.9984
06020600    0.4915 -2.0 -2.0             0.9851           1.0000              0.9998                0.9848           0.9998     1.0005        1.0004
06259000   22.1696 -1.0  0.0             0.8298           0.9858              0.9997                0.7863           0.9854     1.0050        1.0050
06224000   28.5786  2.0  2.0             0.3090           0.9999              0.9998                0.3232           0.9996     0.9992        1.0004
06410500    1.7496  2.0  2.0             0.9303           0.9963              0.9999                0.9532           0.9966     1.0001        1.0000
06409000    1.0528  2.0  1.5             0.8944           0.9998              0.9999                0.8965           0.9997     1.0000        1.0000
05464500    1.0528  0.5 -0.5             0.9991           0.9993              0.9974                0.9973           0.9979     1.0001        1.0000
05483600    0.0500 -0.5  2.0             0.9950           0.9950              0.9998                0.9998           0.9961     1.0025        1.0000
03014500    1.0528  0.5  2.0             0.9841           0.9993              0.9994                0.9844           0.9992     1.0000        1.0000
03036500    0.1071  2.0 -1.5             0.9990           0.9993              0.9989                0.9986           0.9985     1.0002        1.0000
03030500    0.0500  0.0  0.5             0.9981           0.9981              1.0000                1.0000           0.9982     1.0004        1.0000
03221000    0.4915  0.0  0.0             0.9974           0.9974              0.9960                0.9960           0.9918     1.0006        1.0000
06903900   13.3411 -0.5 -0.5             0.9571           1.0000              0.9998                0.9568           0.9998     0.9897        0.9896
03228500    0.6336 -2.0  0.5             0.9657           0.9669              0.9950                0.9949           0.9716     1.0174        1.0001
03091500    1.3572  0.0  0.0             0.9989           0.9989              0.9996                0.9996           0.9992     1.0001        1.0000
03042280    0.2958 -0.5  0.0             0.9926           0.9927              0.9983                0.9983           0.9947     1.0033        1.0000
03353500    0.0500 -1.5  0.0             0.9943           0.9943              0.9997                0.9997           0.9957     1.0034        1.0000
03266000    0.2294  0.0  1.0             0.9608           0.9609              0.9974                0.9974           0.9667     1.0168        1.0000
03270000    0.0831 -1.0  0.0             0.9987           0.9987              0.9999                0.9999           0.9989     1.0002        1.0000
05592000   28.5786 -1.5 -0.5             0.5206           0.9995              0.9991                0.5229           0.9995     0.9966        0.9945
06906200    3.7478  0.0  0.5             0.9380           0.9381              0.9876                0.9869           0.9507     1.0414        0.9980
03225500    1.7496  0.0 -0.5             0.7095           0.7061              0.9909                0.9905           0.7478     1.1511        1.0000
03228805    1.7496  0.5 -0.5             0.8490           0.8462              0.9924                0.9916           0.8807     1.0960        1.0000
06912500   10.3493  0.0  0.0             0.9907           0.9907              0.9980                0.9980           0.9904     1.0306        0.9996
03272000    0.0500  0.0 -1.0             0.9952           0.9952              0.9999                0.9999           0.9962     1.0040        1.0000
03232500    0.0500  1.0 -0.5             0.9886           0.9886              0.9999                0.9999           0.9899     1.0086        1.0000
03320000    1.3572  1.0 -0.5             0.9977           0.9993              0.9972                0.9952           0.9977     1.0003        1.0000
03284000    0.1071  2.0 -1.0             0.9988           0.9988              0.9971                0.9969           0.9951     1.0000        1.0000
05593000   22.1696 -1.0 -0.5             0.7403           0.9668              0.9990                0.8381           0.9691     1.0073        0.9970
07124410    0.6336 -2.0 -2.0             0.9822           0.9997              0.9997                0.9820           0.9996     1.0017        1.0016
06921350   13.3411 -0.5 -0.5             0.9652           0.9978              0.9964                0.9631           0.9953     1.0001        0.9956
03209000    1.7496  0.0 -1.0             0.9982           0.9992              0.9941                0.9926           0.9945     1.0002        1.0000
07198000   13.3411 -0.5 -0.5             0.9627           0.9902              0.9979                0.9724           0.9907     1.0085        0.9995
07195500    0.0500  0.0 -0.5             0.9311           0.9310              1.0000                1.0000           0.9321     1.0181        1.0000
07206000   22.1696  0.5  2.0            -0.4991           0.9998              0.9996               -0.4849           0.9994     1.0000        1.0008
03504000    0.0500 -1.0 -0.5             0.9171           0.9172              0.9999                0.9999           0.9201     1.0131        1.0000
07339000    3.7478  0.0 -0.5             0.9984           0.9996              0.9992                0.9979           0.9994     1.0010        1.0000
08285500    1.7496  0.0  2.0             0.9925           1.0000              0.9998                0.9925           0.9997     1.0000        1.0000
08245000  775.7418 -0.5  2.0            -5.7467           0.9999              0.9999               -5.7547           0.9997     1.0594        1.0591
08287000  280.9221 -0.5  0.5            -3.2433           0.9999              0.9999               -3.1979           0.9999     1.0242        1.0242
08382830  362.1335 -0.5  1.0            -2.1941           1.0000              0.9999               -2.2041           0.9998     1.0211        1.0212
08317950    0.0500  2.0  1.0             0.9977           0.9979              0.9992                0.9992           0.9972     1.0071        1.0000
08384500 1000.0000 -0.5  1.0            -7.6252           0.9811              0.9999               -7.5381           0.9808     1.0820        1.0580
08390500    0.0500  2.0  1.5             0.8054           0.8055              0.9995                0.9995           0.8221     1.0150        1.0000
08177500    0.0500  0.0  0.0             0.9117           0.9117              1.0000                1.0000           0.9120     1.0794        1.0000
09211200   28.5786 -0.5  1.0             0.8539           1.0000              0.9998                0.8539           0.9998     1.0030        1.0030
11507500    8.0284 -1.5 -1.0             0.8853           0.9999              0.9997                0.8864           0.9997     1.0006        1.0006
10020300   10.3493  0.0  1.5             0.9829           0.9999              0.9997                0.9833           0.9997     1.0002        1.0002
11525500    4.8313  0.0  1.0             0.9881           0.9999              0.9995                0.9883           0.9996     1.0011        1.0001
10337500   61.2194 -1.0 -0.5             0.3863           0.9999              0.9999                0.3891           0.9998     1.0258        1.0258
11407000    3.7478 -1.5 -1.0             0.9846           0.9991              0.9940                0.9804           0.9941     1.0017        1.0015
09057500    1.3572 -0.5 -2.0             0.9115           0.9586              0.9998                0.9677           0.9569     1.0032        1.0002
11399500   13.3411  1.5  0.0             0.3403           0.9997              0.9996                0.3415           0.9995     1.0005        1.0002
10344500   17.1979  0.5  1.0            -0.6386           0.5203              0.9999                0.8002           0.5197     0.9992        1.0002
09038500   28.5786 -1.0  0.0             0.6651           1.0000              0.9996                0.6616           0.9996     1.0050        1.0048
11470500    0.1071  0.5  2.0             0.9982           0.9983              0.9965                0.9964           0.9962     1.0000        1.0000
10344400   61.2194  0.0  2.0            -0.7309           1.0000              0.9998               -0.7246           0.9997     0.9993        1.0011
10134500   22.1696 -0.5  2.0             0.2527           1.0000              0.9998                0.2553           0.9996     1.0027        1.0031
11414250    1.7496 -2.0  0.5             0.9940           0.9999              0.9997                0.9941           0.9997     1.0031        1.0031
09050700    8.0284 -1.5  0.0             0.9437           1.0000              0.9998                0.9428           0.9997     1.0046        1.0044
11422500    0.0500  0.5  2.0             0.9960           0.9961              0.9991                0.9991           0.9970     1.0022        1.0000
09291000  280.9221  0.0  2.0            -2.1069           0.9999              0.9999               -2.1098           0.9998     1.0201        1.0211
10340500    0.4915  0.5  2.0             0.9987           0.9999              0.9993                0.9980           0.9993     1.0000        1.0000
11461500    0.0500 -2.0 -2.0             0.9996           0.9996              0.9999                0.9999           0.9999     1.0004        1.0000
11400500    0.0500  1.0  0.0             0.9891           0.9890              1.0000                1.0000           0.9893     1.0021        1.0000
11480390    0.0500 -1.5 -2.0             0.9863           0.9863              0.9998                0.9998           0.9882     1.0017        1.0000
11446500    2.9073 -0.5 -1.0             0.9957           0.9975              0.9940                0.9928           0.9952     1.0009        1.0001
11451000   47.4904 -1.5 -1.5             0.7637           1.0000              0.9993                0.7629           0.9994     1.0055        1.0049
11428800    0.1381  1.5 -2.0             0.9973           0.9975              0.9998                0.9995           0.9982     1.0001        1.0000
11424000    0.0645  0.5  2.0             0.9990           0.9991              0.9981                0.9980           0.9971     1.0020        1.0000
11427000    0.0500  0.0 -0.5             0.9986           0.9986              1.0000                1.0000           0.9988     1.0010        1.0000
09128000   36.8403 -1.0  0.5             0.4994           0.9956              0.9996                0.5097           0.9960     1.0103        1.0092
11289650   47.4904 -1.5  0.0             0.4153           0.9922              0.9998                0.3667           0.9914     1.0207        1.0200
11270900   61.2194  0.0  0.5             0.7283           1.0000              1.0000                0.7303           1.0000     1.0034        1.0036
11302000   47.4904 -1.0  0.0             0.3411           0.9984              0.9997                0.3785           0.9984     1.0206        1.0202
11242000    0.0500 -1.5  1.0             0.9998           0.9998              1.0000                1.0000           0.9998     1.0003        1.0000
11319500    0.0500 -2.0 -0.5             0.9599           0.9599              1.0000                1.0000           0.9605     1.0037        1.0000
11234760    0.0500  2.0  2.0             0.9998           0.9998              1.0000                1.0000           0.9998     1.0003        1.0000
11454000    6.2279  1.0 -1.5             0.8834           0.9997              0.9987                0.8818           0.9989     1.0005        1.0000
11443500    0.6336 -2.0 -1.5             0.9974           0.9986              0.9999                0.9987           0.9986     1.0008        1.0003
11276500   10.3493  2.0  2.0             0.9141           1.0000              0.9998                0.9161           0.9997     0.9994        1.0001
11292900    1.7496 -2.0  1.5             0.9773           0.9994              0.9999                0.9788           0.9994     1.0018        1.0016
11277300    2.9073  2.0 -1.0             0.8668           0.9998              0.9997                0.8709           0.9995     0.9998        1.0000
09109000   47.4904  0.0  0.5             0.6490           1.0000              0.9998                0.6491           0.9999     1.0059        1.0058
10293000    8.0284  1.0  2.0             0.8714           0.9999              0.9998                0.8736           0.9998     1.0002        1.0003
11176400    0.0500 -2.0 -2.0             0.9860           0.9860              0.9999                0.9999           0.9880     1.0071        1.0000
11314500    0.8167  2.0  1.5             0.9967           0.9997              0.9999                0.9973           0.9996     1.0001        1.0000
11231500    8.0284 -2.0  2.0             0.8753           0.9999              0.9999                0.8762           0.9997     1.0027        1.0032
11278000    0.0645  2.0  2.0             0.9998           0.9998              0.9999                0.9998           0.9998     1.0001        1.0000
11214600 1000.0000 -2.0  1.0           -10.1235           0.9999              0.9999              -10.2205           0.9996     1.0215        1.0262
11149400    1.7496  0.0  2.0             0.9739           0.9991              0.9962                0.9753           0.9958     1.0053        1.0000
09510000    0.4915  1.5 -2.0             0.9970           0.9973              0.9983                0.9973           0.9948     1.0006        1.0000
09426000    3.7478  0.5  2.0             0.8747           0.9994              0.9995                0.8784           0.9992     1.0053        1.0000
11109800  169.0520  1.0 -0.5           -11.1793           0.9998              0.9998              -11.1061           0.9996     1.0115        1.0096
11097000    0.0500  1.0 -2.0             0.9997           0.9997              0.9999                0.9999           0.9999     1.0001        1.0000
11123000    0.0500 -2.0 -2.0             0.9827           0.9827              0.9994                0.9994           0.9860     1.0291        1.0000
11085000    0.0500 -2.0  0.5             0.9930           0.9930              0.9999                0.9999           0.9937     1.0042        1.0000
12362500    4.8313 -0.5 -2.0            -0.7701           0.9999              0.9994               -0.7515           0.9990     0.9993        0.9995
12433000    6.2279 -0.5  0.0             0.9979           0.9999              0.9994                0.9975           0.9996     1.0001        1.0000
12452500   22.1696 -0.5  0.0             0.7891           1.0000              0.9995                0.7884           0.9996     0.9995        0.9995
12106700    0.0645  1.0 -2.0             0.9795           0.9795              0.9998                0.9998           0.9819     1.0054        1.0000
12116500   13.3411 -0.5 -1.5             0.8280           0.9957              0.9925                0.8286           0.9941     1.0035        0.9990
14238000   13.3411 -0.5 -1.0             0.8879           0.9999              0.9972                0.8856           0.9970     0.9995        0.9995
12086500    2.9073 -1.0 -0.5             0.9929           0.9997              0.9942                0.9886           0.9941     0.9999        0.9999
14220500    6.2279 -1.0 -1.5             0.9587           0.9994              0.9963                0.9568           0.9971     0.9997        0.9996
14210000    0.1071  0.0  0.5             0.9983           0.9983              0.9998                0.9998           0.9987     1.0003        1.0000
12342500    0.8167  2.0  1.5             0.9974           0.9995              0.9998                0.9981           0.9995     1.0001        1.0000
14140000    0.0645 -2.0 -1.0             0.9945           0.9946              0.9998                0.9998           0.9954     1.0030        1.0000
14208700   22.1696 -0.5 -0.5             0.8033           1.0000              0.9998                0.8039           0.9998     1.0015        1.0016
14138850    0.0500 -0.5 -2.0             0.9908           0.9908              0.9997                0.9997           0.9924     1.0036        1.0000
14169000   17.1979 -0.5 -2.0             0.9534           0.9997              0.9973                0.9515           0.9981     0.9996        0.9994
13245000    4.8313 -0.5 -2.0             0.8030           0.9815              0.9994                0.7726           0.9811     1.0024        1.0011
14159500    6.2279 -0.5 -2.0             0.8068           0.9999              0.9994                0.8073           0.9993     0.9997        0.9997
13239000    4.8313  2.0  2.0             0.8947           0.9981              0.9996                0.9053           0.9984     1.0001        1.0000
13046000    1.7496  2.0  1.0             0.5405           0.8584              0.9998                0.8893           0.8598     1.0021        1.0000
14181500   13.3411 -1.0 -1.5             0.6617           0.9997              0.9985                0.6632           0.9990     0.9994        0.9994
13042500   78.9172  0.5  1.0            -1.9974           0.9993              0.9999               -1.8396           0.9992     1.0046        1.0048
13236500  169.0520  1.0  2.0            -0.1854           1.0000              0.9999               -0.1829           0.9999     1.0049        1.0060
13039500  101.7313  0.5  1.5            -1.0433           0.9999              0.9999               -1.0315           0.9998     1.0073        1.0078
14162200    6.2279  0.5 -2.0             0.9225           0.9984              0.9974                0.9215           0.9985     1.0007        0.9999
13240000    0.0500 -2.0  2.0             0.9825           0.9825              1.0000                1.0000           0.9837     1.0093        1.0000
13032500  362.1335  0.0  1.5            -5.3503           0.9999              0.9999               -5.3673           0.9998     1.0035        1.0044
13249500    2.9073 -2.0  1.0             0.9529           0.9496              0.9998                0.9805           0.9499     1.0024        1.0009
13202000  169.0520 -0.5  1.0            -0.6403           0.9993              0.9999               -0.6663           0.9994     1.0086        1.0087
13215000    2.9073  0.0  2.0             0.9761           1.0000              0.9999                0.9768           0.9999     0.9999        1.0000
14151000   10.3493 -0.5 -2.0             0.8589           0.9999              0.9984                0.8584           0.9984     0.9993        0.9994
13217500    0.4915  0.5  2.0             0.9989           0.9998              0.9998                0.9989           0.9998     1.0000        1.0000
13190500    8.0284  1.0  1.0             0.9288           1.0000              0.9998                0.9300           0.9998     0.9999        1.0001
14150000    6.2279 -1.0 -1.0             0.8670           0.9877              0.9992                0.9330           0.9867     0.9998        0.9998
14145500    2.2553 -2.0 -2.0             0.8766           1.0000              0.9996                0.8773           0.9994     0.9999        0.9999
14155500    0.4915  1.0  1.5             0.9983           0.9997              0.9956                0.9936           0.9960     1.0002        1.0000
14313500    1.7496  0.0  2.0             0.9451           0.9999              0.9997                0.9450           0.9997     1.0000        1.0000
14153500    0.0645  2.0  1.5             0.9992           0.9993              0.9997                0.9996           0.9993     1.0002        1.0000
13147900    2.2553 -2.0  1.5             0.9943           0.9997              1.0000                0.9947           0.9997     1.0013        1.0013
14362000    0.0645  2.0  0.0             0.9997           0.9997              0.9999                0.9999           0.9998     1.0001        1.0000
13174500    2.2553  2.0  2.0             0.9254           1.0000              0.9997                0.9271           0.9996     0.9999        1.0000
T0                      1.7496
a                       0.0000
b                       0.0000
ddrs_vs_muskingum       0.9828
ddrs_vs_storage         0.9990
offline_vs_storage      0.9996
offline_vs_muskingum    0.9928
ddrs_vs_offline         0.9980
mass_ddrs               1.0010
mass_storage            1.0000
